entries  in_hit   in_slow_tot in_slow_mc in_no_route in_brd   in_martian_dst in_martian_src out_hit  out_slow_tot out_slow_mc gc_total gc_ignored gc_goal_miss gc_dst_overflow in_hlist_search out_hlist_search
00000063 00000000 000000f5    00000000   00000000    00000000 00000000       00000000       00000000 00004540     0000011a    00000000 00000000   00000000     00000000        00000000        00000000
00000063 00000000 00000130    00000000   00000000    00000000 00000000       00000000       00000000 00004928     000000e0    00000000 00000000   00000000     00000000        00000000        00000000
00000063 00000000 0000015d    00000000   00000000    00000000 00000000       00000000       00000000 000043d6     000000dd    00000000 00000000   00000000     00000000        00000000        00000000
00000063 00000000 000000eb    00000000   00000000    00000000 00000000       00000000       00000000 00004480     000000aa    00000000 00000000   00000000     00000000        00000000        00000000
00000063 00000000 00000135    00000000   00000000    00000000 00000000       00000000       00000000 0000421f     0000010c    00000000 00000000   00000000     00000000        00000000        00000000
00000063 00000000 000000dd    00000000   00000000    00000000 00000000       00000000       00000000 00002d72     000000a6    00000000 00000000   00000000     00000000        00000000        00000000
00000063 00000000 00000119    00000000   00000000    00000000 00000000       00000000       00000000 00003c7b     000000df    00000000 00000000   00000000     00000000        00000000        00000000
00000063 00000000 0000011b    00000000   00000000    00000000 00000000       00000000       00000000 0000373b     000000a3    00000000 00000000   00000000     00000000        00000000        00000000
00000063 00000000 000000e0    00000000   00000000    00000000 00000000       00000000       00000000 00002e9c     000001d2    00000000 00000000   00000000     00000000        00000000        00000000
00000063 00000000 000000e0    00000000   00000000    00000000 00000000       00000000       00000000 000036be     0000014c    00000000 00000000   00000000     00000000        00000000        00000000
00000063 00000000 00000126    00000000   00000000    00000000 00000000       00000000       00000000 00003d29     00000195    00000000 00000000   00000000     00000000        00000000        00000000
00000063 00000000 000000a0    00000000   00000000    00000000 00000000       00000000       00000000 00002dfe     00000159    00000000 00000000   00000000     00000000        00000000        00000000
00000063 00000000 00000159    00000000   00000000    00000000 00000000       00000000       00000000 000037e0     0000015a    00000000 00000000   00000000     00000000        00000000        00000000
00000063 00000000 000104d2    000054b3   00000019    00000aba 00000000       00000001       00000000 00009e3f     00000aa6    00000000 00000000   00000000     00000000        00000000        00000000
00000063 00000000 00000321    00000000   00000000    00000000 00000000       00000000       00000000 00004c70     000000fd    00000000 00000000   00000000     00000000        00000000        00000000
00000063 00000000 000001f2    00000000   00000001    00000000 00000000       00000000       00000000 00003b6f     00000141    00000000 00000000   00000000     00000000        00000000        00000000
